"","cloud_max","cloud_min","temp_max","temp_min"
"1",-0.125004604458809,-0.188518404960632,16.0442504882812,9.05022716522217
"2",-0.116283401846886,-0.329114496707916,18.1920604705811,7.23543500900269
"3",0.00581471621990204,-0.329114496707916,18.0754299163818,7.17650604248047
"4",0.206404596567154,-0.223667293787003,17.5189609527588,7.86597299575806
"5",-0.430249810218811,-0.211951106786728,17.3001403808594,8.74992179870605
"6",-0.491299092769623,0.133681192994118,17.7444705963135,8.11235809326172
"7",-0.508741497993469,0.121964998543262,17.6283206939697,8.04708957672119
"8",-0.526184380054474,-0.182660296559334,16.0655994415283,6.78201103210449
"9",0.154076993465424,0.549611508846283,16.8848304748535,7.29870319366455
"10",-0.308151602745056,-0.0186310801655054,15.1206998825073,6.6161961555481
"11",0.171519294381142,0.578902721405029,15.5207595825195,6.12781620025635
"12",0.0494211688637733,-0.170943707227707,19.8465309143066,1.3532520532608
"13",0.031978789716959,-0.182660296559334,19.7477207183838,1.348788022995
"14",-0.491299092769623,0.198121398687363,16.7292995452881,4.92041301727295
"15",-0.0116276601329446,0.41487380862236,16.0145092010498,4.94470119476318
"16",-0.220938697457314,0.285993903875351,14.3507299423218,6.56385278701782
"17",-0.508741497993469,-0.153369098901749,18.1390495300293,2.50557088851929
"18",-0.569790780544281,-0.276390910148621,18.5138206481934,1.82420003414154
"19",-0.046512920409441,0.467597007751465,13.0398502349854,6.47691011428833
"20",0.625027179718018,0.666775226593018,11.0876998901367,6.74749803543091
"21",0.302339196205139,0.491029798984528,11.0534696578979,2.19727897644043
"22",-1.87798500061035,-1.59448003768921,19.8381805419922,12.2328195571899
"23",-1.31110095977783,-1.34843695163727,18.9528694152832,12.2006502151489
"24",-1.18028199672699,-1.13754200935364,18.8353595733643,12.21226978302
"25",-1.19772505760193,-1.13168394565582,18.7595100402832,12.2443103790283
"26",-0.255823999643326,-0.586874008178711,18.6505699157715,12.3622198104858
"27",-0.500020325183868,-0.381838113069534,20.239860534668,11.9755401611328
"28",-0.54362678527832,-0.43456169962883,18.7400207519531,8.75104141235352
"29",-0.159889906644821,-0.0889293104410172,16.0391693115234,9.11061191558838
"30",-0.308151602745056,-0.0947874113917351,18.5099906921387,6.42999410629272
"31",0.206404596567154,-0.141652897000313,17.6616592407227,7.7352237701416
"32",0.101749300956726,-0.264674693346024,17.7450199127197,7.62716197967529
"33",0.206404596567154,-0.223667293787003,17.5189609527588,7.86597299575806
"34",0.110470503568649,-0.129936695098877,18.4171009063721,6.44087696075439
"35",-0.0203488394618034,-0.165085598826408,18.8766307830811,5.76070690155029
"36",-0.578512012958527,-0.340830713510513,17.6022491455078,8.06493663787842
"37",-0.595954895019531,-0.0244895294308662,18.6306591033936,5.87965488433838
"38",-0.447692692279816,-0.0596384704113007,18.7353096008301,5.70098209381104
"39",-0.247102797031403,0.104390397667885,19.0320701599121,4.72485494613647
"40",-0.578512012958527,-0.141652897000313,16.8944492340088,8.46712779998779
"41",-0.56106972694397,0.133681192994118,17.2561302185059,8.265625
"42",-0.447692692279816,0.221553802490234,18.9954109191895,4.16616201400757
"43",-0.116283401846886,0.0106597598642111,19.6532001495361,3.76767611503601
"44",-0.299430400133133,0.250844597816467,17.0704402923584,7.69357490539551
"45",-0.159889906644821,0.379724502563477,17.0120906829834,7.58603191375732
"46",-0.18605349957943,0.180546700954437,15.6179704666138,6.50834798812866
"47",-0.168611094355583,0.332859009504318,17.0473194122314,7.51428699493408
"48",0.232568696141243,0.473455488681793,16.7609004974365,7.19594097137451
"49",-0.351758599281311,0.145397797226906,15.8481702804565,6.11715698242188
"50",0.389552086591721,0.0575249008834362,19.7957191467285,1.77110004425049
"51",0.215125799179077,0.573044180870056,15.9012098312378,7.53385400772095
"52",-0.0116276601329446,0.379724502563477,16.0287990570068,7.43449783325195
"53",0.433158487081528,0.116106897592545,20.2159004211426,-0.179440706968307
"54",0.215125799179077,0.373866409063339,16.0260200500488,7.09632587432861
"55",0.328502804040909,-0.00691488292068243,19.8436794281006,-0.829446613788605
"56",0.502929091453552,-0.504859626293182,19.2588806152344,1.06900894641876
"57",-0.18605349957943,0.203979507088661,15.5399904251099,6.00999402999878
"58",-0.0116276601329446,0.403157293796539,15.1334199905396,6.01891183853149
"59",0.0755852535367012,0.303568214178085,14.7447900772095,5.97251605987549
"60",-0.090119369328022,0.291851997375488,14.8275499343872,4.39086008071899
"61",-0.090119369328022,0.291851997375488,14.8275499343872,4.39086008071899
"62",0.0668640583753586,0.291851997375488,14.342080116272,5.98853015899658
"63",-0.090119369328022,0.291851997375488,14.8275499343872,4.39086008071899
"64",0.145355805754662,-0.11236210167408,19.2231903076172,-0.0948706716299057
"65",0.0494211688637733,0.473455488681793,13.933219909668,6.29680919647217
"66",0.302339196205139,0.719498813152313,13.6810703277588,6.03289794921875
"67",-0.0377917289733887,-0.0303476303815842,18.0990009307861,1.29399502277374
"68",0.319781601428986,0.0458086989820004,20.0599899291992,-0.210006102919579
"69",0.363388001918793,0.789796710014343,13.6099901199341,5.90999412536621
"70",0.293617486953735,0.0223759599030018,20.0520000457764,-0.254224598407745
"71",-0.0552341006696224,0.24498650431633,14.0770397186279,6.48050022125244
"72",0.41571569442749,-0.0362057313323021,20.08078956604,-0.278434485197067
"73",-0.00290647009387612,0.455880910158157,13.9790096282959,6.34461688995361
"74",0.41571569442749,-0.0303476303815842,20.0774192810059,-0.313023895025253
"75",0.136634603142738,0.549611508846283,14.0230197906494,6.42794704437256
"76",0.180241003632545,0.502746284008026,13.9341497421265,6.2533860206604
"77",-0.098840557038784,0.338717490434647,14.0638999938965,6.68108987808228
"78",0.328502804040909,0.502746284008026,13.7430000305176,6.4459547996521
"79",0.0145364198833704,0.467597007751465,14.4071798324585,4.61120080947876
"80",0.119191698729992,0.373866409063339,13.5374803543091,6.57673120498657
"81",-0.0377917289733887,0.186404794454575,14.646089553833,5.17796993255615
"82",-0.0552341006696224,0.133681192994118,14.3692398071289,5.19763803482056
"83",0.22384749352932,0.508604526519775,13.7851295471191,6.70616006851196
"84",-0.0552341006696224,0.356291800737381,14.9399900436401,4.73999404907227
"85",-0.107562303543091,0.379724502563477,14.818829536438,4.75606298446655
"86",-0.604676127433777,-0.159227594733238,18.3808307647705,2.06156301498413
"87",-0.343036890029907,-0.200234606862068,17.9865798950195,2.71642899513245
"88",-0.447692692279816,-0.323256403207779,18.578239440918,1.8051780462265
"89",0.319781601428986,0.379724502563477,13.7918300628662,6.53795289993286
"90",0.206404596567154,0.479313611984253,13.8499898910522,6.49999380111694
"91",-0.168611094355583,-0.153369098901749,19.6427192687988,-0.00295520690269768
"92",-0.290709286928177,0.203979507088661,19.635440826416,-0.820506811141968
"93",-0.343036890029907,0.24498650431633,19.5547409057617,-1.30609905719757
"94",-0.569790780544281,0.0575249008834362,16.6262798309326,2.93563890457153
"95",0.625027179718018,0.801513195037842,13.3643798828125,6.7665228843689
"96",0.398273289203644,0.12782309949398,13.6829299926758,-1.77326595783234
"97",0.468043804168701,0.192262902855873,14.0443601608276,-1.77674305438995
"98",-0.046512920409441,-0.0362057313323021,15.1199502944946,-1.7907520532608
"99",0.877944827079773,0.432448089122772,15.3227300643921,-1.79396104812622
"100",0.171519294381142,0.772222399711609,12.0540599822998,0.747776687145233
"101",0.0668640583753586,0.748789608478546,12.005410194397,1.08771598339081
"102",-1.90414905548096,-1.60619604587555,19.3899898529053,12.0899896621704
"103",-0.465135008096695,-0.832917273044586,18.9582099914551,12.2374200820923
"104",-0.822708427906036,-0.381838113069534,20.23703956604,11.9380798339844
"105",-1.25877296924591,-0.873924672603607,19.2150592803955,7.51507806777954
"106",-0.892478883266449,-0.774335622787476,19.1501407623291,7.49489212036133
"107",-0.412807404994965,-0.416987001895905,16.959379196167,8.87329292297363
"108",-0.377922087907791,-0.264674693346024,18.4399890899658,7.21999406814575
"109",-0.386643409729004,-0.293965488672256,18.9199905395508,6.76999378204346
"110",-0.18605349957943,-0.252958208322525,16.1242294311523,8.97369003295898
"111",-0.255823999643326,-0.258816301822662,16.2657108306885,8.89840602874756
"112",-0.255823999643326,-0.258816301822662,16.2657108306885,8.89840602874756
"113",-0.255823999643326,-0.258816301822662,16.2657108306885,8.89840602874756
"114",-0.508741497993469,-0.159227594733238,18.9813098907471,6.65789604187012
"115",-0.508741497993469,-0.159227594733238,18.9813098907471,6.65789604187012
"116",-0.142446994781494,-0.200234606862068,18.049430847168,7.46167612075806
"117",-0.456413894891739,-0.0889293104410172,18.700740814209,6.26932382583618
"118",-0.456413894891739,-0.0889293104410172,18.700740814209,6.26932382583618
"119",-0.456413894891739,-0.0889293104410172,18.700740814209,6.26932382583618
"120",-0.133725807070732,-0.235383495688438,18.2199897766113,7.20999383926392
"121",0.276175111532211,-0.282249003648758,17.5033092498779,8.01265716552734
"122",0.363388001918793,-0.358405411243439,17.459379196167,7.99011516571045
"123",0.171519294381142,-0.282249003648758,17.8111801147461,7.58751010894775
"124",-0.00290647009387612,-0.340830713510513,17.9515991210938,7.36803579330444
"125",-0.00290647009387612,-0.340830713510513,17.9515991210938,7.36803579330444
"126",0.206404596567154,-0.206092700362206,17.547420501709,7.83865785598755
"127",0.206404596567154,-0.206092700362206,17.547420501709,7.83865785598755
"128",0.0581428706645966,-0.129936695098877,18.5999908447266,6.19999408721924
"129",-0.00290647009387612,-0.165085598826408,18.5703792572021,6.17053079605103
"130",-0.587233185768127,-0.0830712169408798,17.8303203582764,8.36271953582764
"131",-0.595954895019531,-0.0537803694605827,18.0575199127197,6.60807991027832
"132",-0.534905612468719,-0.0127729801461101,17.9737396240234,6.66579723358154
"133",-0.404086202383041,0.162972092628479,17.2999897003174,7.07999420166016
"134",-0.54362678527832,-0.200234606862068,18.4616794586182,5.983482837677
"135",-0.622118473052979,-0.0537803694605827,18.6041393280029,5.91037321090698
"136",-0.177332296967506,0.362150192260742,18.0026893615723,5.86590909957886
"137",-0.281988114118576,0.24498650431633,18.0799903869629,5.69999408721924
"138",-0.54362678527832,-0.00105678394902498,18.7124004364014,5.85245180130005
"139",-0.500020325183868,-0.188518404960632,18.2025508880615,6.27202701568604
"140",-0.299430400133133,0.174688592553139,18.8369598388672,5.72809410095215
"141",-0.613397300243378,0.0458086989820004,16.8985004425049,8.26722240447998
"142",-0.281988114118576,0.321142792701721,16.6099891662598,8.14999389648438
"143",-0.54362678527832,0.139539301395416,17.3006401062012,7.84226417541504
"144",-0.334315687417984,0.198121398687363,16.9751796722412,7.6744270324707
"145",-0.369201004505157,0.198121398687363,16.7839908599854,7.99136304855347
"146",-0.517463207244873,0.110248498618603,16.9471092224121,7.80097723007202
"147",0.0494211688637733,0.356291800737381,16.506950378418,7.41958618164062
"148",0.232568696141243,0.473455488681793,16.7609004974365,7.19594097137451
"149",-0.0203488394618034,0.426589995622635,16.739990234375,7.55999422073364
"150",-0.0290705505758524,0.409015387296677,15.5007400512695,6.31338500976562
"151",0.0145364198833704,0.385582596063614,15.5086603164673,6.28673982620239
"152",-0.0290705505758524,0.52032071352005,15.6363801956177,6.06140279769897
"153",-0.0726770013570786,0.578902721405029,15.5599203109741,6.13749885559082
"154",-0.0726770013570786,0.578902721405029,15.5599203109741,6.13749885559082
"155",0.0232576094567776,0.502746284008026,15.6197996139526,6.09759283065796
"156",-0.133725807070732,0.596476972103119,15.3872499465942,6.23388910293579
"157",-0.133725807070732,0.596476972103119,15.3872499465942,6.23388910293579
"158",-0.133725807070732,0.426589995622635,15.0165100097656,6.36226415634155
"159",-0.133725807070732,0.426589995622635,15.0165100097656,6.36226415634155
"160",0.206404596567154,0.403157293796539,15.7231702804565,8.01951599121094
"161",-0.142446994781494,0.596476972103119,16.1694202423096,4.96354579925537
"162",-0.386643409729004,0.162972092628479,14.3677597045898,6.45795822143555
"163",-0.194775193929672,0.24498650431633,14.2501602172852,6.4113130569458
"164",-0.194775193929672,0.24498650431633,14.2501602172852,6.4113130569458
"165",-0.4825778901577,-0.00105678394902498,14.9102201461792,6.06746482849121
"166",-0.168611094355583,0.332859009504318,14.2099895477295,6.49999380111694
"167",-0.168611094355583,0.332859009504318,14.2099895477295,6.49999380111694
"168",-0.133725807070732,0.41487380862236,15.3339099884033,4.84620809555054
"169",0.659912526607513,-0.252958208322525,19.2999897003174,1.16999399662018
"170",-0.290709286928177,0.44416469335556,15.2386703491211,4.84197807312012
"171",-0.116283401846886,0.209837600588799,14.4718704223633,6.58304214477539
"172",0.276175111532211,0.327000886201859,15.8610496520996,7.24812984466553
"173",0.459322601556778,-0.493143290281296,19.2570495605469,1.05790400505066
"174",-0.255823999643326,0.215695694088936,15.267370223999,6.06498384475708
"175",0.459322601556778,-0.247100099921227,19.2978897094727,0.596895813941956
"176",0.0232576094567776,0.36800828576088,15.169750213623,6.03614902496338
"177",0.293617486953735,0.186404794454575,19.1850204467773,-0.176069706678391
"178",-0.0639552921056747,0.344575613737106,14.7469797134399,6.00405406951904
"179",-0.090119369328022,0.303568214178085,14.1533603668213,6.29486894607544
"180",-0.090119369328022,0.291851997375488,14.8275499343872,4.39086008071899
"181",0.389552086591721,0.496888309717178,14.855299949646,5.80918598175049
"182",0.424437403678894,0.0516667999327183,19.6448001861572,-0.205526396632195
"183",0.267453908920288,0.36800828576088,14.2194900512695,5.85540914535522
"184",0.459322601556778,-0.0889293104410172,18.8199901580811,0.339993894100189
"185",0.389552086591721,0.573044180870056,14.2252998352051,5.85734891891479
"186",0.0755852535367012,0.303568214178085,13.9125499725342,6.12851619720459
"187",0.424437403678894,0.0692414492368698,19.7222900390625,-0.150322198867798
"188",0.0930276066064835,0.432448089122772,13.8043298721313,6.1141791343689
"189",0.267453908920288,0.532037198543549,13.876070022583,6.19000291824341
"190",-0.00290647009387612,0.479313611984253,13.7004804611206,6.04418992996216
"191",0.232568696141243,0.666775226593018,13.7146396636963,6.08933591842651
"192",0.031978789716959,0.0106597598642111,19.3060092926025,-0.226151794195175
"193",0.241289898753166,0.192262902855873,14.4301996231079,6.85081100463867
"194",-0.125004604458809,0.36800828576088,13.9456996917725,6.33314800262451
"195",-0.151168704032898,-0.147511005401611,18.3689193725586,1.22483801841736
"196",0.145355805754662,-0.0713546574115753,18.1456203460693,1.44292998313904
"197",0.0581428706645966,-0.282249003648758,18.8933792114258,0.283970385789871
"198",0.00581471621990204,-0.11236210167408,18.9999904632568,-0.170006096363068
"199",0.0668640583753586,0.327000886201859,13.9532699584961,6.71722888946533
"200",-0.133725807070732,0.291851997375488,13.9347200393677,5.06289291381836
"201",0.206404596567154,0.438306212425232,13.6893301010132,6.42880010604858
"202",-0.116283401846886,0.27427738904953,14.5070695877075,4.60050296783447
"203",-0.0116276601329446,0.344575613737106,14.7043104171753,4.60594081878662
"204",0.22384749352932,0.508604526519775,13.7851295471191,6.70616006851196
"205",0.171519294381142,0.44416469335556,13.4399900436401,6.72999382019043
"206",-0.421528607606888,-0.124078303575516,18.2800102233887,2.21407890319824
"207",-0.421528607606888,-0.124078303575516,18.1866798400879,2.40227007865906
"208",0.110470503568649,0.48517170548439,13.7555503845215,6.50892210006714
"209",0.258732795715332,0.526179075241089,14.3652801513672,6.90194320678711
"210",0.302339196205139,0.52032071352005,14.1337900161743,6.73024320602417
"211",0.284896314144135,0.496888309717178,14.369589805603,6.89300203323364
"212",0.258732795715332,0.526179075241089,14.3652801513672,6.90194320678711
"213",0.258732795715332,0.526179075241089,14.3652801513672,6.90194320678711
"214",-0.674446582794189,-0.340830713510513,18.9157905578613,1.30153501033783
"215",0.110470503568649,0.450022786855698,13.279990196228,6.00999402999878
"216",0.188962206244469,0.567186117172241,13.5231704711914,6.16416597366333
"217",-0.386643409729004,0.198121398687363,19.5330505371094,-1.34648501873016
"218",-0.4825778901577,0.0809576436877251,19.4961605072021,-1.43761003017426
"219",0.485486209392548,0.836662173271179,11.2856197357178,6.75401496887207
"220",0.782010674476624,0.860094904899597,11.3205099105835,6.97759819030762
"221",0.0930276066064835,0.227412194013596,15.787070274353,3.68094611167908
"222",0.293617486953735,0.321142792701721,15.6299896240234,3.59999394416809
"223",0.241289898753166,0.836662173271179,11.7535400390625,2.41077208518982
"224",0.0494211688637733,0.350433707237244,11.1599903106689,1.47999405860901
"225",0.476765006780624,1.03584003448486,12.8526697158813,1.68373203277588
"226",0.511650323867798,1.04755699634552,11.8957300186157,2.95231103897095
"227",-0.674446582794189,-0.411128908395767,17.5783996582031,6.77451515197754
"228",-0.552348494529724,-0.235383495688438,17.4600105285645,6.90932703018188
"229",-0.552348494529724,-0.106504000723362,17.5027599334717,6.94231986999512
"230",-0.683167815208435,-0.223667293787003,17.7357006072998,6.4034161567688
"231",-0.604676127433777,-0.00691488292068243,17.6278991699219,6.37864208221436
"232",-0.674446582794189,-0.276390910148621,17.6258296966553,7.37627220153809
"233",-0.648282527923584,-0.258816301822662,17.5594100952148,7.28950119018555
"234",-0.630839586257935,-0.0889293104410172,17.6912097930908,7.51503610610962
"235",-0.473856687545776,-0.0830712169408798,17.7385692596436,7.6557240486145
"236",-0.404086202383041,0.0809576436877251,17.7669105529785,8.17844104766846
"237",-0.360479801893234,0.121964998543262,17.8133392333984,8.21726512908936
"238",-0.438971489667892,-0.00691488292068243,17.7772693634033,8.25220012664795
"239",-0.386643409729004,-0.153369098901749,17.222339630127,8.37061500549316
"240",-0.412807404994965,-0.135794803500175,17.3060092926025,8.32774543762207
"241",-0.404086202383041,-0.135794803500175,17.1770496368408,8.48662757873535
"242",-0.386643409729004,-0.135794803500175,17.187650680542,8.57029247283936
"243",-0.395364999771118,-0.188518404960632,17.4955291748047,8.81193542480469
"244",-0.421528607606888,-0.11236210167408,17.6272392272949,8.8563404083252
"245",-0.386643409729004,-0.223667293787003,17.492769241333,8.87404823303223
"246",-0.534905612468719,-0.118220202624798,17.6188793182373,8.81748104095459
"247",-0.569790780544281,-0.129936695098877,17.5433006286621,8.59947490692139
"248",-0.517463207244873,-0.0830712169408798,17.5207996368408,8.62996673583984
"249",-0.56106972694397,-0.223667293787003,17.5666408538818,8.52432632446289
"250",-0.726774275302887,-0.276390910148621,17.8473491668701,8.55828666687012
"251",-0.657003819942474,-0.276390910148621,17.8049602508545,8.56149959564209
"252",-0.752937912940979,-0.217809200286865,18.014799118042,8.59861278533936
"253",-0.657003819942474,0.00480131385847926,17.965389251709,8.48317909240723
"254",-0.421528607606888,0.174688592553139,17.5178394317627,8.00665283203125
"255",-0.325594514608383,0.0926742032170296,17.4768695831299,8.00347232818604
"256",-0.369201004505157,0.121964998543262,17.3664608001709,7.9206109046936
"257",-0.421528607606888,0.0985322892665863,17.3203296661377,7.89357709884644
"258",-1.65123200416565,-1.51832401752472,19.158109664917,12.2277297973633
"259",-1.78205096721649,-1.57690596580505,19.4603691101074,12.2520704269409
"260",-1.65995299816132,-1.75850903987885,18.875789642334,12.1502504348755
"261",-1.2936589717865,-1.020378947258,18.6599903106689,12.0999898910522
"262",-1.41575694084167,-1.0731029510498,18.7476100921631,12.133749961853
"263",-1.21516704559326,-1.11410999298096,18.7770900726318,12.1721601486206
"264",-1.10178995132446,-1.13168394565582,18.8655891418457,12.2320804595947
"265",-0.526184380054474,-0.692321181297302,18.7018909454346,12.3667402267456
"266",-0.21221749484539,-0.750902771949768,18.586669921875,12.3628196716309
"267",-0.412807404994965,-0.639597594738007,18.7821102142334,12.2636995315552
"268",-0.517463207244873,-0.733328580856323,18.6499900817871,12.2599897384644
"269",-0.657003819942474,-0.879782795906067,18.8216094970703,12.2525300979614
"270",-0.0639552921056747,-0.370121508836746,19.836540222168,12.1099700927734
"271",-0.220938697457314,-0.40527081489563,20.0325202941895,12.0688104629517
"272",-0.465135008096695,-0.329114496707916,20.2201099395752,11.9993200302124
"273",-0.430249810218811,-0.352547287940979,20.1978797912598,12.0117902755737
"274",-0.770380675792694,-0.358405411243439,20.2316303253174,11.9523401260376
"275",-0.761659622192383,-0.446277886629105,20.2615509033203,11.9217596054077
"276",-0.796544790267944,-0.422845095396042,20.2239208221436,11.928879737854
"277",-0.630839586257935,-0.40527081489563,20.3353500366211,11.9140396118164
"278",-0.569790780544281,-0.411128908395767,20.38503074646,11.9172697067261
"279",-0.578512012958527,-0.510717988014221,20.4630107879639,11.9204998016357
"280",-0.54362678527832,-0.47556871175766,20.4390296936035,11.9174995422363
"281",-0.604676127433777,-0.522434175014496,20.5828800201416,11.9224300384521
"282",-0.526184380054474,-0.557583212852478,21.3696804046631,11.8550500869751
"283",-0.970970571041107,-0.540008783340454,21.0876197814941,11.846170425415
"284",-1.04946196079254,-0.604448616504669,21.0699901580811,11.8480100631714
"285",-0.534905612468719,-0.43456169962883,20.9998207092285,11.8577404022217
"286",-0.534905612468719,-0.610306680202484,21.6612796783447,11.7845001220703
"287",-0.80526602268219,-0.944222688674927,21.7266902923584,10.0885200500488
"288",-0.944806516170502,-0.879782795906067,20.8470401763916,7.9014368057251
"289",-1.27621603012085,-1.13168394565582,19.7551898956299,8.14444828033447
"290",-0.665724873542786,-0.311539888381958,17.7947807312012,6.58035278320312
"291",-0.595954895019531,-0.206092700362206,17.9449195861816,6.46844100952148
"292",-0.526184380054474,-0.19437649846077,18.123010635376,6.33077907562256
"293",-0.508741497993469,-0.19437649846077,18.504150390625,6.03060579299927
"294",-0.569790780544281,-0.11236210167408,18.5892791748047,5.95819520950317
"295",-0.578512012958527,-0.0420638211071491,18.686279296875,5.87779521942139
"296",-0.54362678527832,-0.00105678394902498,18.7124004364014,5.85245180130005
"297",-0.369201004505157,0.186404794454575,18.8425998687744,5.7394700050354
"298",-0.264545202255249,0.291851997375488,18.7586307525635,5.74804496765137
"299",-0.534905612468719,0.0750995501875877,17.2653198242188,6.56846809387207
"300",-0.683167815208435,-0.159227594733238,17.2174301147461,6.85728216171265
"301",-0.709331393241882,-0.305681794881821,17.1896495819092,6.99655389785767
"302",-0.674446582794189,-0.329114496707916,17.1567897796631,7.04824018478394
"303",-0.752937912940979,-0.364263385534286,16.7199897766113,7.11999416351318
"304",-0.718053102493286,-0.43456169962883,16.7886390686035,7.22917890548706
"305",-0.604676127433777,-0.452136009931564,16.4858703613281,7.27416801452637
"306",-0.639561414718628,-0.381838113069534,16.3180904388428,7.24845600128174
"307",-0.604676127433777,-0.39941281080246,16.3259601593018,7.28661298751831
"308",-0.569790780544281,-0.317398011684418,15.8999900817871,7.39999389648438
"309",-0.517463207244873,-0.282249003648758,15.8738603591919,7.29460096359253
"310",-0.604676127433777,-0.170943707227707,15.9506397247314,7.07434892654419
"311",-0.622118473052979,-0.252958208322525,16.0313491821289,6.9747748374939
"312",-0.56106972694397,-0.106504000723362,15.7867002487183,6.52639389038086
"313",-0.56106972694397,-0.106504000723362,15.7867002487183,6.52639389038086
"314",-0.21221749484539,0.596476972103119,17.6593894958496,4.65440702438354
"315",-0.395364999771118,0.209837600588799,17.555139541626,4.73043203353882
"316",-0.343036890029907,0.291851997375488,16.6546096801758,4.88683605194092
"317",-0.220938697457314,0.350433707237244,16.3532009124756,5.10150289535522
"318",-0.343036890029907,0.24498650431633,16.1933097839355,5.20912885665894
"319",-0.447692692279816,0.215695694088936,16.1023406982422,5.27816486358643
"320",-0.517463207244873,0.0926742032170296,15.5415296554565,5.93676376342773
"321",-0.54362678527832,0.0106597598642111,15.5889902114868,5.78849220275879
"322",-0.491299092769623,-0.0420638211071491,15.7499904632568,5.51999378204346
"323",-0.473856687545776,-0.00691488292068243,15.4002895355225,5.88880681991577
"324",-0.194775193929672,0.00480131385847926,15.1635303497314,6.48344898223877
"325",-0.264545202255249,0.0575249008834362,14.9880199432373,6.55343723297119
"326",-0.343036890029907,0.016517860814929,15.0447101593018,6.36927795410156
"327",-0.456413894891739,-0.0127729801461101,15.1100301742554,5.96249485015869
"328",-0.4825778901577,-0.0303476303815842,14.6390495300293,6.21572923660278
"329",-0.430249810218811,-0.0303476303815842,14.4868097305298,6.29858112335205
"330",-0.500020325183868,0.0223759599030018,14.4667797088623,6.30058193206787
"331",-0.456413894891739,0.016517860814929,14.8899898529053,6.1899938583374
"332",-0.0639552921056747,0.338717490434647,15.0923500061035,5.89626693725586
"333",0.110470503568649,0.397299200296402,15.0102996826172,5.87243986129761
"334",0.127912893891335,0.385582596063614,14.9871501922607,5.87974214553833
"335",-0.0203488394618034,0.379724502563477,14.628270149231,6.06836223602295
"336",-0.0290705505758524,0.350433707237244,14.59202003479,6.18256807327271
"337",-0.0377917289733887,0.36800828576088,14.5304098129272,6.12788915634155
"338",-0.133725807070732,0.157113999128342,14.4424896240234,6.25285720825195
"339",-0.08139818161726,0.221553802490234,14.5294303894043,6.22164916992188
"340",-0.334315687417984,0.133681192994118,14.3454599380493,6.37383794784546
"341",-0.325594514608383,0.151255905628204,14.2874898910522,6.41629123687744
"342",-0.247102797031403,0.198121398687363,14.2778596878052,6.37721014022827
"343",-0.08139818161726,0.356291800737381,14.1648101806641,6.32743406295776
"344",-0.168611094355583,0.24498650431633,14.1773099899292,6.30717897415161
"345",-0.08139818161726,0.280135810375214,14.05126953125,6.26203584671021
"346",0.0494211688637733,0.338717490434647,14.0896396636963,6.42282819747925
"347",-0.151168704032898,0.186404794454575,14.0396900177002,6.23281288146973
"348",-0.046512920409441,0.198121398687363,13.8599901199341,6.25999402999878
"349",-0.351758599281311,0.110248498618603,14.0611600875854,6.38166999816895
"350",-0.046512920409441,0.0985322892665863,14.1762399673462,6.47257709503174
"351",-0.116283401846886,0.239128395915031,14.0686798095703,6.37246894836426
"352",-0.00290647009387612,0.479313611984253,13.7004804611206,6.04418992996216
"353",0.0755852535367012,0.567186117172241,13.6617803573608,6.01912117004395
"354",0.302339196205139,0.742931485176086,13.667989730835,6.01288223266602
"355",0.084306426346302,0.297710090875626,14.0554103851318,6.39884376525879
"356",-0.0203488394618034,0.24498650431633,14.1221704483032,6.48353290557861
"357",-0.0726770013570786,0.291851997375488,13.9799900054932,6.3899941444397
"358",-0.125004604458809,0.36800828576088,13.9456996917725,6.33314800262451
"359",0.180241003632545,0.631626188755035,13.9377698898315,6.23465776443481
"360",0.302339196205139,0.731215000152588,13.9331703186035,6.22011518478394
"361",0.328502804040909,0.614051580429077,13.9698600769043,6.36854982376099
"362",0.00581471621990204,0.432448089122772,13.992259979248,6.35580921173096
"363",0.319781601428986,0.52032071352005,13.9094696044922,6.26964378356934
"364",0.337224513292313,0.496888309717178,13.9081296920776,6.31774997711182
"365",0.35466679930687,0.590618789196014,13.9226198196411,6.3766942024231
"366",-0.046512920409441,0.356291800737381,14.067310333252,6.62361812591553
"367",-0.0116276601329446,0.385582596063614,13.7643404006958,6.67549705505371
"368",-0.0203488394618034,0.397299200296402,13.785719871521,6.68323802947998
"369",-0.0639552921056747,0.321142792701721,13.6486196517944,6.7102952003479
"370",0.0145364198833704,0.332859009504318,13.5175800323486,6.67696714401245
"371",0.0581428706645966,0.27427738904953,13.5432500839233,6.62982416152954
"372",0.337224513292313,0.48517170548439,13.8899898529053,6.30999422073364
"373",0.162798196077347,0.350433707237244,13.5199899673462,6.51999378204346
"374",0.101749300956726,0.397299200296402,13.5390701293945,6.59011793136597
"375",0.101749300956726,0.373866409063339,13.6469202041626,6.56969594955444
"376",0.00581471621990204,0.321142792701721,13.6050395965576,6.53673791885376
"377",0.171519294381142,0.385582596063614,13.7082500457764,6.52820587158203
"378",0.363388001918793,0.455880910158157,13.9447898864746,6.55118322372437
"379",0.494207412004471,0.455880910158157,13.9777202606201,6.55704402923584
"380",0.267453908920288,0.532037198543549,13.8974103927612,6.50915908813477
"381",0.241289898753166,0.508604526519775,13.8699903488159,6.47999382019043
"382",0.188962206244469,0.567186117172241,13.7265996932983,6.46359395980835
"383",0.345945686101913,0.467597007751465,13.8399896621704,6.51999378204346
"384",0.35466679930687,0.455880910158157,13.8680801391602,6.54603576660156
"385",0.250011086463928,0.543753385543823,13.7425899505615,6.45557403564453
"386",0.154076993465424,0.502746284008026,13.7260503768921,6.42340087890625
"387",0.0668640583753586,0.508604526519775,14.5823097229004,5.3932900428772
"388",-0.08139818161726,0.397299200296402,14.8430404663086,5.06014680862427
"389",-0.0290705505758524,0.455880910158157,14.8305196762085,5.02313089370728
"390",-0.0726770013570786,0.403157293796539,14.8472299575806,4.84500408172607
"391",-0.0726770013570786,0.391441106796265,14.883749961853,4.86366081237793
"392",-0.0377917289733887,0.397299200296402,13.6756200790405,5.8949031829834
"393",0.00581471621990204,0.473455488681793,13.5376195907593,5.92573022842407
"394",0.232568696141243,0.467597007751465,13.3999900817871,6.1399941444397
"395",-0.0639552921056747,0.239128395915031,14.5806503295898,4.60003900527954
"396",-0.0203488394618034,0.373866409063339,14.7250003814697,4.64724922180176
"397",-0.0552341006696224,0.379724502563477,14.7562398910522,4.68174123764038
"398",-0.098840557038784,0.327000886201859,15.09840965271,4.83577394485474
"399",-0.133725807070732,0.198121398687363,15.1397399902344,4.94997501373291
"400",-0.116283401846886,0.121964998543262,15.1174097061157,5.00381088256836
"401",-0.116283401846886,0.104390397667885,15.0596303939819,5.0786828994751
"402",-0.098840557038784,0.110248498618603,14.9962797164917,5.09407997131348
"403",-0.046512920409441,0.297710090875626,14.236780166626,5.18908977508545
"404",-0.177332296967506,0.162972092628479,14.0839195251465,4.82143592834473
"405",-0.0116276601329446,0.145397797226906,13.8032102584839,4.92086505889893
"406",-0.517463207244873,0.0692414492368698,14.5299997329712,4.66749000549316
"407",-0.31687331199646,0.162972092628479,14.8477201461792,4.64024305343628
"408",-0.299430400133133,0.133681192994118,14.7636404037476,4.59196615219116
"409",-0.281988114118576,0.145397797226906,14.6794900894165,4.51967477798462
"410",0.0494211688637733,0.262561112642288,14.6599903106689,4.42999410629272
"411",-0.18605349957943,0.0926742032170296,14.7393503189087,4.45394802093506
"412",-0.229660406708717,0.0458086989820004,14.7199897766113,4.47999382019043
"413",-0.325594514608383,0.0399506092071533,14.7623100280762,4.52525901794434
"414",-0.255823999643326,0.0809576436877251,14.8066701889038,4.53457403182983
"415",-0.247102797031403,0.0926742032170296,14.866720199585,4.60070896148682
"416",-0.0726770013570786,0.162972092628479,14.779109954834,4.44932413101196
"417",-0.133725807070732,0.215695694088936,14.7934503555298,4.41681480407715
"418",-0.343036890029907,0.268419206142426,15.0883302688599,4.77438688278198
"419",-0.255823999643326,0.362150192260742,15.1388101577759,4.80966997146606
"420",-0.18605349957943,0.455880910158157,15.0162200927734,4.80753707885742
"421",-0.325594514608383,0.426589995622635,14.7999897003174,4.77999401092529
"422",-0.351758599281311,0.491029798984528,15.0881204605103,4.8490309715271
"423",-0.151168704032898,0.578902721405029,15.96875,4.85823488235474
"424",-0.255823999643326,0.192262902855873,17.1318397521973,4.01281881332397
"425",-0.238381594419479,0.239128395915031,17.1818695068359,3.97537088394165
"426",-0.526184380054474,0.186404794454575,18.9766693115234,4.00028896331787
"427",-0.465135008096695,0.268419206142426,18.994909286499,3.97733592987061
"428",-0.465135008096695,0.268419206142426,19.0092506408691,3.98875403404236
"429",-0.491299092769623,0.0868157371878624,19.045389175415,3.99681997299194
"430",-0.587233185768127,0.133681192994118,18.8183994293213,4.3787088394165
"431",-0.578512012958527,-0.0186310801655054,18.8799896240234,4.21999406814575
"432",-0.54362678527832,-0.176801800727844,18.6067409515381,4.72511577606201
"433",-0.517463207244873,-0.211951106786728,18.5699901580811,4.77999401092529
"434",-0.412807404994965,-0.153369098901749,18.4191398620605,5.11613512039185
"435",-0.177332296967506,0.332859009504318,18.0459003448486,5.83428621292114
"436",0.0232576094567776,-0.0830712169408798,18.1883106231689,5.93445301055908
"437",0.0232576094567776,-0.0830712169408798,18.1883106231689,5.93445301055908
"438",-0.0203488394618034,-0.0186310801655054,18.1788902282715,5.88447380065918
"439",-0.090119369328022,-0.0362057313323021,18.5975608825684,5.379065990448
"440",-0.369201004505157,0.0106597598642111,17.9307804107666,6.43067598342896
"441",-0.369201004505157,0.0223759599030018,17.9199600219727,6.42651081085205
"442",-0.4825778901577,-0.381838113069534,18.450080871582,6.16521596908569
"443",-0.447692692279816,-0.0772131234407425,18.744649887085,5.67168378829956
"444",-0.465135008096695,-0.229525402188301,18.8199901580811,5.57999420166016
"445",-0.508741497993469,-0.258816301822662,18.6210708618164,5.8562331199646
"446",-0.4825778901577,-0.0244895294308662,18.7293891906738,5.66230201721191
"447",-0.473856687545776,-0.223667293787003,18.5921897888184,5.83402919769287
"448",-0.465135008096695,-0.211951106786728,18.6803703308105,5.73278617858887
"449",-0.569790780544281,-0.0537803694605827,17.7721195220947,6.84314489364624
"450",-0.587233185768127,-0.0713546574115753,17.6584300994873,6.95446681976318
"451",-0.56106972694397,-0.0127729801461101,17.8209400177002,6.83449220657349
"452",-0.552348494529724,-0.00105678394902498,17.8565006256104,6.79888200759888
"453",-0.491299092769623,0.227412194013596,17.233570098877,7.19157218933105
"454",-0.508741497993469,0.186404794454575,17.1867904663086,7.27353811264038
"455",-0.386643409729004,0.0458086989820004,17.1150398254395,7.37651777267456
"456",-0.377922087907791,0.121964998543262,17.0590991973877,7.43771409988403
"457",-0.281988114118576,0.0106597598642111,17.1402606964111,7.77827310562134
"458",-0.360479801893234,-0.118220202624798,17.2080307006836,7.88288879394531
"459",-0.412807404994965,-0.0947874113917351,17.2611904144287,7.92716312408447
"460",0.0930276066064835,0.321142792701721,15.4219398498535,6.28717994689941
"461",0.0930276066064835,0.321142792701721,15.4219398498535,6.28717994689941
"462",-0.0203488394618034,0.256702989339828,15.3724098205566,6.32173299789429
"463",0.0406999811530113,0.41487380862236,15.7169704437256,6.1659460067749
"464",0.0145364198833704,0.432448089122772,15.8199901580811,6.06999397277832
"465",-0.273266911506653,0.186404794454575,15.6303901672363,6.80573987960815
"466",-0.229660406708717,0.192262902855873,15.6493301391602,7.29222106933594
"467",-0.508741497993469,0.121964998543262,15.5399904251099,7.569993019104
"468",-0.552348494529724,0.0575249008834362,16.4213409423828,7.72128105163574
"469",-0.395364999771118,0.233270302414894,16.964750289917,7.67472314834595
"470",-0.630839586257935,-0.182660296559334,16.769359588623,8.32845497131348
"471",-0.473856687545776,0.157113999128342,16.706729888916,8.28591156005859
"472",-0.404086202383041,0.27427738904953,16.5607490539551,8.2193546295166
"473",-0.491299092769623,0.186404794454575,16.5399894714355,8.1899938583374
"474",-0.447692692279816,0.256702989339828,16.4429492950439,8.29956912994385
"475",-0.587233185768127,0.016517860814929,16.4199905395508,8.30999374389648
"476",-0.351758599281311,0.162972092628479,16.427490234375,8.36348438262939
"477",-0.351758599281311,0.180546700954437,16.2999897003174,8.33999252319336
"478",-0.343036890029907,0.162972092628479,16.4979400634766,8.30468368530273
"479",-0.31687331199646,0.221553802490234,16.5116405487061,8.41395282745361
"480",-0.308151602745056,0.420731902122498,16.526439666748,8.08867835998535
"481",-0.447692692279816,0.151255905628204,16.808780670166,7.94584178924561
"482",-0.369201004505157,0.192262902855873,16.7626705169678,8.04213237762451
"483",-0.369201004505157,0.221553802490234,16.9909706115723,7.82667016983032
"484",0.0145364198833704,0.432448089122772,16.9199905395508,7.30999422073364
"485",0.171519294381142,0.514462471008301,16.7660007476807,7.20235586166382
"486",0.0581428706645966,0.473455488681793,16.7812004089355,7.20994901657104
"487",-0.098840557038784,0.327000886201859,16.9338703155518,7.47663688659668
"488",-0.0116276601329446,0.48517170548439,16.8049201965332,7.52661800384521
"489",-0.18605349957943,0.297710090875626,16.7476902008057,7.60726881027222
"490",0.0930276066064835,0.151255905628204,16.5492191314697,7.83229398727417
"491",-0.00290647009387612,0.0282340608537197,16.434850692749,7.7397198677063
"492",0.171519294381142,0.186404794454575,16.2957706451416,7.83432912826538
"493",-0.0726770013570786,0.350433707237244,16.0945301055908,7.56501388549805
"494",-0.0639552921056747,0.327000886201859,16.0325603485107,7.59706497192383
"495",-0.0377917289733887,0.362150192260742,15.9322004318237,7.60020589828491
"496",0.0145364198833704,0.379724502563477,15.8699903488159,7.64999389648438
"497",0.110470503568649,0.508604526519775,15.8787899017334,7.63407278060913
"498",-0.0290705505758524,0.432448089122772,16.1337604522705,7.26388883590698
"499",-0.0203488394618034,0.385582596063614,16.1870307922363,7.17191696166992
"500",-0.0116276601329446,0.327000886201859,16.2360992431641,7.07231712341309
"501",-0.0552341006696224,0.27427738904953,16.2535495758057,7.03239488601685
"502",-0.0639552921056747,0.309426605701447,16.2657794952393,7.01427888870239
"503",-0.08139818161726,0.344575613737106,16.3099899291992,6.9399938583374
"504",0.0145364198833704,0.508604526519775,16.3046703338623,6.87536001205444
"505",0.241289898753166,0.491029798984528,16.2811107635498,6.85061883926392
"506",0.154076993465424,0.578902721405029,16.2610492706299,6.97436904907227
"507",0.241289898753166,0.385582596063614,15.8824796676636,7.13879680633545
"508",0.22384749352932,0.391441106796265,15.8189401626587,7.24724721908569
"509",0.232568696141243,0.543753385543823,15.7141304016113,7.05965900421143
"510",0.101749300956726,0.502746284008026,15.6483201980591,6.85731887817383
"511",0.00581471621990204,0.48517170548439,15.6643400192261,6.7459020614624
"512",0.0145364198833704,0.356291800737381,14.8955602645874,6.57571887969971
"513",-0.0116276601329446,0.327000886201859,14.7544498443604,6.57589387893677
"514",-0.0639552921056747,0.291851997375488,14.7037000656128,6.57739591598511
"515",-0.0639552921056747,0.291851997375488,14.7037000656128,6.57739591598511
"516",-0.098840557038784,0.280135810375214,14.6100902557373,6.57003116607666
"517",-0.0726770013570786,0.192262902855873,14.4978103637695,6.58429002761841
"518",-0.299430400133133,0.24498650431633,14.3328104019165,6.56050777435303
"519",-0.360479801893234,0.215695694088936,14.2985200881958,6.54425001144409
"520",-0.360479801893234,0.215695694088936,14.2985200881958,6.54425001144409
"521",-0.343036890029907,0.309426605701447,14.2655696868896,6.53536796569824
"522",-0.299430400133133,0.397299200296402,14.2762699127197,6.52529001235962
"523",-0.308151602745056,0.321142792701721,14.2531499862671,6.49866914749146
"524",-0.308151602745056,0.321142792701721,14.2531499862671,6.49866914749146
"525",-0.21221749484539,0.44416469335556,14.2360897064209,6.48675298690796
"526",-0.177332296967506,0.280135810375214,14.2118396759033,6.44397115707397
"527",0.232568696141243,0.52032071352005,14.1799898147583,6.31999397277832
"528",-0.229660406708717,0.221553802490234,14.2561597824097,6.40707206726074
"529",-0.281988114118576,0.209837600588799,14.2368202209473,6.41364717483521
"530",-0.238381594419479,0.24498650431633,14.232569694519,6.41095113754272
"531",-0.220938697457314,0.297710090875626,14.2599897384644,6.39999389648438
"532",-0.168611094355583,0.297710090875626,14.3473196029663,6.42602586746216
"533",-0.220938697457314,0.221553802490234,14.5888004302979,6.48317193984985
"534",-0.334315687417984,0.256702989339828,14.3059902191162,6.43040418624878
"535",-0.360479801893234,0.157113999128342,14.4328002929688,6.48113584518433
"536",0.180241003632545,0.473455488681793,13.5914602279663,6.26858186721802
"537",0.546535611152649,0.912818491458893,11.3636598587036,6.81118488311768
"538",0.79073178768158,0.848378717899323,11.3299903869629,6.99999380111694
"539",0.633748412132263,0.836662173271179,11.436559677124,6.95009517669678
"540",0.476765006780624,0.00480131385847926,20.2099304199219,-0.127788797020912
"541",0.284896314144135,-0.223667293787003,19.8899898529053,-0.140006095170975
"542",0.41571569442749,-0.264674693346024,20.1671390533447,-0.077020600438118
"543",0.101749300956726,-0.0947874113917351,19.3114395141602,-0.191333800554276
"544",0.468043804168701,0.0692414492368698,19.4097690582275,0.209928005933762
"545",0.363388001918793,0.110248498618603,19.1699905395508,-0.130006104707718
"546",0.485486209392548,0.0575249008834362,19.2099895477295,0.359993904829025
"547",0.590142011642456,-0.211951106786728,19.8399906158447,0.279993891716003
"548",0.337224513292313,-0.247100099921227,19.0199909210205,-6.10351617069682e-06
"549",0.276175111532211,-0.358405411243439,18.8204402923584,0.672731697559357
"550",0.35466679930687,-0.317398011684418,18.8476600646973,0.617955386638641
"551",0.250011086463928,-0.299823701381683,18.942699432373,0.463176190853119
"552",0.0494211688637733,-0.188518404960632,18.9630908966064,-0.051450289785862
"553",0.0494211688637733,-0.188518404960632,18.9630908966064,-0.051450289785862
"554",0.101749300956726,-0.19437649846077,19.0184898376465,-0.17881740629673
"555",-0.0726770013570786,-0.0830712169408798,18.4913806915283,0.183751806616783
"556",0.468043804168701,0.0106597598642111,19.6199893951416,-0.0800061002373695
"557",0.494207412004471,-0.00691488292068243,19.7387790679932,-0.157839506864548
"558",0.476765006780624,-0.129936695098877,19.8993301391602,-0.246679201722145
"559",0.459322601556778,-0.100645497441292,19.9090194702148,-0.237605303525925
"560",0.345945686101913,0.00480131385847926,20.1099891662598,-0.250006109476089
"561",0.250011086463928,0.0692414492368698,20.0524597167969,-0.260808110237122
"562",0.345945686101913,0.110248498618603,19.7625102996826,-0.1474229991436
"563",0.38083091378212,0.0868157371878624,19.8307209014893,-0.154797002673149
"564",0.450600892305374,0.0340921618044376,19.9016609191895,-0.180650293827057
"565",0.398273289203644,0.0223759599030018,19.9725894927979,-0.18462510406971
"566",0.41571569442749,-0.0420638211071491,19.5841407775879,-0.376470804214478
"567",0.485486209392548,0.0926742032170296,19.4028301239014,-0.663303911685944
"568",0.494207412004471,0.0516667999327183,19.5124397277832,-0.510492086410522
"569",0.35466679930687,-0.0127729801461101,20.0815296173096,-0.318747490644455
"570",0.0232576094567776,-0.124078303575516,19.989990234375,-0.310006111860275
"571",0.328502804040909,-0.182660296559334,19.6337795257568,-0.305540889501572
"572",0.328502804040909,-0.19437649846077,19.603099822998,-0.300792694091797
"573",0.363388001918793,-0.305681794881821,19.7403907775879,-0.31051030755043
"574",0.363388001918793,-0.358405411243439,19.8043594360352,-0.308951109647751
"575",0.101749300956726,0.0458086989820004,19.3962898254395,-0.297181010246277
"576",0.119191698729992,-0.0127729801461101,19.3619194030762,-0.264910697937012
"577",0.0232576094567776,-0.0830712169408798,19.2340793609619,-0.157879903912544
"578",0.0145364198833704,-0.0303476303815842,19.1980209350586,-0.119777500629425
"579",0.084306426346302,-0.235383495688438,19.2099895477295,-0.100006103515625
"580",0.180241003632545,-0.282249003648758,19.3128395080566,-0.194330304861069
"581",-0.177332296967506,-0.153369098901749,19.8358192443848,-0.0381828807294369
"582",-0.142446994781494,-0.229525402188301,19.9099903106689,-0.0500060990452766
"583",-0.0639552921056747,-0.0947874113917351,19.4415702819824,0.34536349773407
"584",-0.0726770013570786,-0.11236210167408,19.4462203979492,0.322717308998108
"585",-0.116283401846886,-0.0654965713620186,19.2938804626465,0.543035387992859
"586",0.398273289203644,-0.0889293104410172,19.0931606292725,-0.386039704084396
"587",-0.0290705505758524,0.104390397667885,19.170919418335,-0.0796164199709892
"588",0.031978789716959,-0.0244895294308662,19.1696395874023,-0.0719176232814789
"589",-0.08139818161726,-0.170943707227707,19.74241065979,0.0485899709165096
"590",-0.0116276601329446,-0.440419793128967,18.1302394866943,2.31200695037842
"591",-0.08139818161726,-0.0947874113917351,19.4969997406006,-0.255174398422241
"592",-0.0203488394618034,-0.0537803694605827,19.5016307830811,-0.269446700811386
"593",0.031978789716959,-0.0830712169408798,19.4321594238281,-0.141261205077171
"594",-0.299430400133133,-0.0596384704113007,19.6569499969482,0.0298163592815399
"595",-0.404086202383041,-0.159227594733238,19.6599903106689,0.0499938912689686
"596",-0.674446582794189,-0.293965488672256,18.9542503356934,1.24142599105835
"597",-0.360479801893234,-0.206092700362206,18.1158504486084,2.40701794624329
"598",-0.334315687417984,-0.11236210167408,17.7794799804688,2.80456709861755
"599",-0.508741497993469,0.0106597598642111,16.9237308502197,2.6092689037323
"600",-0.491299092769623,0.198121398687363,16.6778907775879,2.9300229549408
"601",-0.4825778901577,0.186404794454575,16.6722106933594,2.9492039680481
"602",-0.500020325183868,0.203979507088661,16.6667194366455,2.91369605064392
"603",-0.578512012958527,0.0106597598642111,16.4978294372559,3.03679203987122
"604",-0.630839586257935,-0.0420638211071491,16.7202796936035,3.07975196838379
"605",-0.744216620922089,-0.223667293787003,16.4600296020508,3.16780996322632
"606",-0.761659622192383,-0.375979989767075,16.3317909240723,3.28670501708984
"607",0.41571569442749,-0.0244895294308662,16.2595996856689,3.39004993438721
"608",-0.098840557038784,-0.106504000723362,16.0413093566895,3.41580891609192
"609",0.258732795715332,0.121964998543262,15.9789896011353,3.49980807304382
"610",-0.0726770013570786,0.268419206142426,15.3315000534058,3.81370806694031
"611",-0.220938697457314,0.145397797226906,15.6789798736572,3.50892806053162
"612",0.0668640583753586,0.303568214178085,14.4599895477295,3.97999405860901
"613",0.0668640583753586,0.250844597816467,16.5619106292725,3.19185590744019
"614",0.101749300956726,0.250844597816467,13.6579504013062,2.77615594863892
"615",0.215125799179077,0.76050591468811,11.6647100448608,2.31264305114746
"616",0.302339196205139,0.473455488681793,11.1677398681641,2.55862498283386
"617",0.311060398817062,0.76050591468811,11.4021701812744,2.72155404090881
"618",-0.168611094355583,0.508604526519775,11.1100301742554,0.585546672344208
"619",0.35466679930687,0.871811091899872,12.2242097854614,0.911972224712372
"620",0.729682505130768,0.977258324623108,12.7699899673462,1.61999404430389
"621",0.686075985431671,0.977258324623108,12.80006980896,1.64108598232269
"622",0.180241003632545,0.602335095405579,9.78711986541748,-1.83161604404449
"623",0.502929091453552,0.297710090875626,13.8453903198242,-1.78203904628754
"624",0.485486209392548,0.672633290290833,10.9699897766113,6.64999389648438
"625",-0.299430400133133,0.104390397667885,19.1599903106689,4.54999399185181
"626",-0.151168704032898,-0.0537803694605827,19.6584300994873,3.70562696456909
"627",-0.107562303543091,0.0106597598642111,19.630989074707,3.82586789131165
"628",-0.0639552921056747,-0.329114496707916,18.6212196350098,1.41431903839111
